# [0]: cluster center x		    [pixel]
# [1]: cluster center y		    [pixel]
# [2]: cluster radius (Gaussian 1-sigma) [pixel]
# [3]: stars in cluster
# [4]: SNR (avg)
# [5]: noise level (avg)		    [stars/pixel^2]
#
328  188  40.3  17    0.2 0.0204426
54   146  46.0  25    0.2 0.0204426
498  424  40.7  14    0.2 0.0204426
261  252  11.7  36    0.2 0.0204426
174  421  46.1  35    0.2 0.0204426
79   94   49.0  36    0.2 0.0204426
477  191  29.8  12    0.2 0.0204426
453  195  32.9  31    0.2 0.0204426
381  57   29.6  16    0.2 0.0204426
431  406  18.6  39    0.2 0.0204426
124  241  28.3  21    0.2 0.0204426
433  437  16.3  18    0.2 0.0204426
54   331  37.3  34    0.2 0.0204426
345  267  31.7  10    0.2 0.0204426
423  239  34.0  22    0.2 0.0204426
280  297  35.7  37    0.2 0.0204426
440  225  45.9  22    0.2 0.0204426
200  379  32.8  19    0.2 0.0204426
71   467  27.0  28    0.2 0.0204426
308  343  17.3  30    0.2 0.0204426
230  328  11.8  28    0.2 0.0204426
141  242  12.8  38    0.2 0.0204426
55   344  45.8  11    0.2 0.0204426
111  19   25.7  22    0.2 0.0204426
401  172  41.6  12    0.2 0.0204426
57   31   29.8  38    0.2 0.0204426
405  196  12.9  20    0.2 0.0204426
329  287  30.1  11    0.2 0.0204426
113  372  37.0  32    0.2 0.0204426
469  190  13.1  39    0.2 0.0204426
287  28   18.0  34    0.2 0.0204426
243  259  14.6  23    0.2 0.0204426
67   315  25.9  15    0.2 0.0204426
328  151  32.5  18    0.2 0.0204426
133  432  32.7  15    0.2 0.0204426
468  189  40.6  34    0.2 0.0204426
475  95   19.7  15    0.2 0.0204426
55   52   19.9  35    0.2 0.0204426
319  223  42.5  16    0.2 0.0204426
498  284  27.9  35    0.2 0.0204426
173  335  13.1  31    0.2 0.0204426
273  484  20.7  39    0.2 0.0204426
235  383  29.2  21    0.2 0.0204426
304  225  23.6  34    0.2 0.0204426
420  281  18.5  16    0.2 0.0204426
