# [0]: cluster center x		    [pixel]
# [1]: cluster center y		    [pixel]
# [2]: cluster radius (Gaussian 1-sigma) [pixel]
# [3]: stars in cluster
# [4]: SNR (avg)
# [5]: noise level (avg)		    [stars/pixel^2]
#
409  289  48.8  13    0.5 0.00817703
401  332  35.5  39    0.5 0.00817703
370  122  32.6  24    0.5 0.00817703
94   241  24.2  37    0.5 0.00817703
335  370  13.7  34    0.5 0.00817703
480  496  11.1  31    0.5 0.00817703
153  71   10.6  35    0.5 0.00817703
238  102  38.7  35    0.5 0.00817703
377  357  13.2  28    0.5 0.00817703
223  443  24.3  27    0.5 0.00817703
333  487  34.3  20    0.5 0.00817703
315  341  45.4  36    0.5 0.00817703
25   204  46.7  37    0.5 0.00817703
147  114  47.3  27    0.5 0.00817703
83   202  37.9  31    0.5 0.00817703
42   141  43.6  27    0.5 0.00817703
107  36   39.3  25    0.5 0.00817703
300  168  41.8  19    0.5 0.00817703
289  166  49.5  35    0.5 0.00817703
453  413  40.5  29    0.5 0.00817703
112  403  40.9  26    0.5 0.00817703
141  276  32.7  39    0.5 0.00817703
7    259  49.2  17    0.5 0.00817703
30   198  44.6  11    0.5 0.00817703
349  6    46.6  16    0.5 0.00817703
324  73   36.0  17    0.5 0.00817703
394  396  26.8  31    0.5 0.00817703
381  151  30.3  39    0.5 0.00817703
129  494  39.4  21    0.5 0.00817703
53   255  40.4  26    0.5 0.00817703
462  311  22.5  20    0.5 0.00817703
