# [0]: cluster center x		    [pixel]
# [1]: cluster center y		    [pixel]
# [2]: cluster radius (Gaussian 1-sigma) [pixel]
# [3]: stars in cluster
# [4]: SNR (avg)
# [5]: noise level (avg)		    [stars/pixel^2]
#
329  90   10.5  38    1 0.00408851
76   382  23.4  28    1 0.00408851
107  162  19.2  35    1 0.00408851
120  124  12.4  27    1 0.00408851
308  415  25.7  37    1 0.00408851
115  457  23.6  21    1 0.00408851
284  40   31.0  33    1 0.00408851
393  454  34.1  38    1 0.00408851
323  38   34.3  29    1 0.00408851
388  399  20.0  36    1 0.00408851
270  178  18.6  14    1 0.00408851
189  470  23.3  24    1 0.00408851
382  429  39.0  27    1 0.00408851
60   330  16.9  36    1 0.00408851
453  214  33.1  18    1 0.00408851
35   14   16.1  19    1 0.00408851
477  198  40.3  32    1 0.00408851
364  264  23.3  24    1 0.00408851
231  338  41.8  28    1 0.00408851
129  6    25.7  34    1 0.00408851
33   10   17.2  14    1 0.00408851
415  454  10.9  23    1 0.00408851
